From Distance_genome.py, nucleotide
[[0.0, 0.0896612022771554, 0.07769035576225866, 0.04671505640008574, 0.04523730645947527], 
[0.0896612022771554, 0.0, 0.16715119328258357, 0.13606861916029564, 0.04446741263834618], 
[0.07769035576225866, 0.16715119328258357, 0.0, 0.03108831763124774, 0.12281674393471516], 
[0.04671505640008574, 0.13606861916029564, 0.03108831763124774, 0.0, 0.09175279494646957], 
[0.04523730645947527, 0.04446741263834618, 0.12281674393471516, 0.09175279494646957, 0.0]]
From Distance_genome.py, dinucleotide
[[0.0, 0.006377768249276473, 0.003545065598333304, 0.00177020514905623, 0.0012128859364601802],
[0.006377768249276473, 0.0, 0.01795073642600345, 0.009559343444867745, 0.002785640947159123], 
[0.003545065598333304, 0.01795073642600345, 0.0, 0.0026488162816874746, 0.008021689182766498], 
[0.00177020514905623, 0.009559343444867745, 0.0026488162816874746, 0.0, 0.0036761087484619235], 
[0.0012128859364601802, 0.002785640947159123, 0.008021689182766498, 0.0036761087484619235, 0.0]]
